@Scatterer_ocean
{
	Ocean
	{
		name = Skal
		AMP = 0.850000024
		m_windSpeed = 8
		m_omega = 0.839999974
		m_gravity = 6.94547987
		maxWaveInteractionShipAltitude = 500
		m_whiteCapStr = 0.600000024
		shoreFoam = 1
		m_farWhiteCapStr = -0.200000003
		m_oceanUpwellingColor = 0.0078,0.0071,0.0161
		m_UnderwaterColor = 0.078,0.071,0.161
		offScreenVertexStretch = 1.25
		alphaRadius = 1400
		transparencyDepth = 80
		darknessDepth = 640
		refractionIndex = 1.248
		skyReflectionStrength = 0.649999976
		causticsTexturePath = scatterer/config/Planets/Caustics.png
		causticsLayer1Scale = 0.200000003,0.200000003
		causticsLayer1Speed = 0.0612000003,-0.151199996
		causticsLayer2Scale = 0.277099997,0.267100006
		causticsLayer2Speed = -0.0748699978,0.174869999
		causticsMultiply = 1
		causticsUnderwaterLightBoost = 1.60000002
		causticsMinBrightness = 0.400000006
		causticsBlurDepth = 160
		lightRaysStrength = 1
	}
}
