@Scatterer_ocean
{
	Ocean
	{
		name = Rachess
		AMP = 0.0500000007
		m_windSpeed = 20
		m_omega = 0.839999974
		m_gravity = 35
		maxWaveInteractionShipAltitude = 10
		m_whiteCapStr = 0
		shoreFoam = 0
		m_farWhiteCapStr = 0
		m_oceanUpwellingColor = 0.0366000012,0.0324999988,0.0353000015
		m_UnderwaterColor = 0.365999997,0.324999988,0.352999985
		offScreenVertexStretch = 1.25
		alphaRadius = 1400
		transparencyDepth = 0.0500000007
		darknessDepth = 0.5
		refractionIndex = 1.34500003
		skyReflectionStrength = 0.349999994
		causticsTexturePath = scatterer/config/Planets/Caustics.png
		causticsLayer1Scale = 0.200000003,0.200000003
		causticsLayer1Speed = 0.0612000003,-0.151199996
		causticsLayer2Scale = 0.277099997,0.267100006
		causticsLayer2Speed = -0.0748699978,0.174869999
		causticsMultiply = 1
		causticsUnderwaterLightBoost = 1
		causticsMinBrightness = 1
		causticsBlurDepth = 160
		lightRaysStrength = 1
	}
}
